0: 131  119   75   51   86  106  113  114  110   74    0  142  116  131   84  134  
1: 131  118   71   47   93  108  113  112   94   74    0  142  121  133   84  134  
2: 130  113   34   51   96  110  112  110   93   71    0  142  128  134   84  134  
3: 128  101    0   52  101  110  112  108   70   70   41  142  131  137   84  134  
4: 136   78   51   85  104  111  111  105   70    0   91  142  134  138   84  134  
5: 138   35   52   95  108  112  109   91   70    0  110  142  137  138   84  132  
6: 108   30   54   99  110  111  106   68   66    0  120  142  139  139   84  131  
7:  91   52   83  103  110  110  103   66    0   84  127  142  140  140   84  125  
8:  42   42   87  104  109  108   85   64    0  114  132  142  140  140   84  123  
9:  37   60   96  106  109  103   82   59    0  121  136  142  141  139   84  116  
10:   2   62  100  108  109  102   56   55   92  129  137  142  140  139   84  103  
11:   0   65  101  108  109  102   76   21   87  125  137  142  140  138   84  109  
12:   0   69   94  108  109  103   91   50   52  124  136  142  140  139   84  110  
13:   0   73  100  108  109  102   90   16   77  125  137  142  140  138   84  103  
14:   0   75  101  108  109  103   86   42   76  125  136  142  140  138   84   64  
15:   0   77  100  109  109  103   87   41   64  122  136  142  140  138   84   68  
16:   0   82  103  109  109  103   85   37   85  125  137  142  140  138   84   70  
17:   0   83   82  109  110  102   83   34   83  125  137  142  140  137   84   75  
18:  66   84   86  109  110  104   87   30   51  121  134  142  140  138   84   77  
19:   0   87   88  109  110  103   84   28   84  124  136  142  140  137   84   81  
20:  71   56   93  110  110  105   88   25   40  121  132  142  140  137   84   84  
21:  65   57   94  110  110  104   91   21   42  121  134  142  140  138   84   87  
22:  87   60   96  110  110  103   84   18   77  127  136  142  140  137   84   91  
23:   0   60  100  110  111  105   91   15   37  121  134  142  140  138   84   94  
24:   0   62  102  108  111  104   92   11   57  119  136  142  140  138   84   97  
25:   0   65  103  106  111  104   84    8   60  123  136  142  140  138   84  101  
26:   0   56   96  106  108  106   92   61    0  114  132  142  140  139   84  104  
27:   0   60   97  106  106  108   95   60    0  116  132  142  140  139   84  109  
28:   0   61   74  108  106  108   92   51    0  116  134  142  140  140   84  112  
29:  54   62   77  104  106  105   96   59    0  106  133  142  141  140   84  114  
30:  76   66   78  103  108  103   96   59    0  109  134  142  142  140   84  119  
31: 104    0   70   69  108  104  101   75    0   95  132  142  142  136   84  123  
32: 105    0   71   70  106  103   97   75    0  110  134  142  142  100   84  127  
33:  74   17   75   21  105   93   93   57    0  122  139  142  140  100   84  129  
34:  32   40   85   21  104   91   88   28    0  128  140  142  102  100   84  129  
35:  20   75   86   23  104   87   90   25   45  131  138  142  102   59   84  128  
36:  77   80   90  103  103   87   76   16   96  134  133  142  102  138   84  119  
37:   0   84   92  104  103   86   65    0  120  133   97  142  101  140   84   93  
38:  30   88   94  105  104   84   54    0  125  129   96  142  141  140   84   47  
39:   0   88   96  103  105   83   62    0  115  125   97  142  143  140   84   84  
40:  27   93  100  103  105   81   56    0  121  120   95  142  142  139   84   54  
41:  42   93  103  104  106   78   51    0  118  115  140  142  141  137   84    0  
42:  17   96  100  105  106  100   75    0  113  113   86  142  140  137   84   60  
43:   0   81  102  105  105  101   74    0   96  111  139  142  140  137   84   87  
44:   0   77  103  105  106  103   73    0   83  108  137  142  140  138   84   92  
45:  95   70  103  104  106  103   70   64   62  104  136  142  140  138   84  101  
46:   8   78  101  105  106  101   66    0   91  100  137  142  140  136   84   97  
47:   0   76  102  108  106  100   65   57   88   96  136  142  140  137   84   93  
48:   0   62   95  109  106   94   91   57    0   94  133  142  140  138   84  112  
49:   0   77  100  110  106   93   87    0   91  125  136  142  140  137   84  100  
50: 105   73  102  109  106   91   83   18   87  127  136  142  140  137   84   91  
51:   0   70   97  110  111   86   90   47   42  120  134  142  140  138   84  106  
52: 113   75  101  110  111   94   85    0   81  127  136  142  140  136   84   93  
53:  32   76   99  110  111  102   84   42   76  121  136  142  140  137   84  104  
54:   0   74   99  110  110  100   82   38   73  121  134  142  140  138   84  103  
55:  38   77  102  110  111   97   78   35   70  123  136  142  140  136   84   95  
56:   0   64   99  110  110  108   75   35   65  121  132  142  140  137   84  109  
57:  50   75  103  110  111  105   73   28   61  122  136  142  140  136   84   93  
58:  32   68   97  110  111  106   70   68   57  121  134  142  140  136   84  104  
59:   0   70  100  110  111  105   87   51   55  120  134  142  140  137   84  103  
60:   0   78  101  111  111  103   64   60   51  125  136  142  140  136   84   91  
61:   0   70   99  109  111  105   84   46   47  121  134  142  140  137   84  104  
62:   0   74   99  110  110  106   95   42   43  119  134  142  140  137   84  106  
63:   0   76  102  110  111  105   78   38   41  122  136  142  140  137   84   95  
64:   0   74  101  110  111  104   92   46   37  121  134  142  140  137   84  101  
65:   0   75  100  109  111  105   92   46   32  121  134  142  140  137   84  105  
66:   0   76  100  110  111  104   87   42   30  122  134  142  140  137   84   99  
67:   0   68   97  110  110  105   88   40   25  119  133  142  140  137   84  103  
68:   0   77  101  110  111  104   85   35   75  123  134  142  140  137   84   95  
69:   0   75  101  110  111  105   85   32   66  122  134  142  140  137   84   95  
70:   0   73   96  110  111  105   90   30   16  121  133  142  140  138   84  103  
71:  93   76  101  110  111  105   91   27   56  120  134  142  140  136   84  103  
72:   0   75  101  110  111  104   85   23   61  122  134  142  140  137   84   95  
73:  32   71  100  110  111  105   91   20   57  121  133  142  140  136   84  101  
74:   0   74   99  110  111  105   91   16   48  116  133  142  140  137   84  104  
75:  42   77  102  110  111  104   86   12   74  122  134  142  140  136   84   99  
76:   0   76  101  110  111  106   91   56   38  120  133  142  140  137   84  102  
77:  50   80   99  111  111  104   86    7   59  123  136  142  140  136   84  102  
78:  60   83  102  110  111  105   87   47   70  122  136  142  139  136   84  104  
79:   0   56  101  111  111  105   91   46   37  120  133  142  139  136   84  108  
80:   0   60  101  111  111  106   86   42   64  122  134  142  139  136   84  104  
81:   0   64  103  111  111  104   86   40   61  121  134  142  139  136   84   93  
82:   0   66  101  111  112  104   91   37   59  120  134  142  139  136   84   95  
83:   0   70  102  110  112  105   92   34   55  119  134  142  139  136   84   96  
84:   0   73  100  111  111  105   90   30   64  123  134  142  139  136   84   96  
85:   0   75  101  111  112  106   92   27   50  118  133  142  139  136   84  103  
86:   0   77  103  111  112  106   90   23   11  120  131  142  139  137   84   97  
87:   0   81  104  111  111  105   84   21   71  122  133  142  139  134   84   94  
88:   0   82   84  111  112  104   90   32    0  119  133  142  139  137   84  106  
89:   0   84   85  111  111  103   84   16   56  121  133  142  139  136   84   95  
90:   0   76   90  111  112  106   90   10   70  120  134  142  139  136   84  103  
91:   0   88   93  111  112  108   93   40    0  118  132  142  139  137   84  105  
92:   0   75   94  111  112  105   91   37    0  121  133  142  139  136   84  103  
93:   0   78   97  112  112  105   88   21   50  121  132  142  139  136   84   97  
94:   0   73  100  111  112  106   92   30   23  118  132  142  139  136   84  105  
95:   0   75  102  100  112  106   91   21   50  118  134  142  139  136   84  103  
96:   0   78  103  108  112  106   86    7   56  120  134  142  139  136   84   94  
97:   0   68  102  108  111  108   93   43    0  114  133  142  139  136   84  111  
98:  10   75  103  108  111  105   88   10   70  120  136  142  139  134   84   94  
99:   2   73  101  109  109  108   88   28    0  121  132  142  139  137   84  103  
100:   0   75   99  110  109  108   94   17    0  118  133  142  139  136   84  104  
101:   0   76  102  111  109  106   92   27   59  120  133  142  139  134   84   97  
102:   0   75  102  112  109  104   90    0   56  119  134  142  139  134   84   96  
103:  23   76  100  111  112  103   87   21   47  120  133  142  139  136   84   97  
104:  28   75  101  111  112  101   88   25    0  120  133  142  139  136   84  101  
105:   0   78  103  111  112   97   86   16   41  123  132  142  139  136   84   94  
106:   0   81  102  111  112   95   83   28   64  121  133  142  139  136   84   93  
107:   0   40  101  111  112   90   94   18    0  118  132  142  139  136   84  105  
108:   0   85  103  111  112   88   91    0   75  121  133  142  138  134   84   93  
109:   0   46  101  111  112  109   90   46    0  115  132  142  139  136   84   99  
