0: 131   88   91   30   86  106  114  114  103   75    0   71  119  131  134  134  
1: 132   90   87   32   92  108  114  114  102   50   48   73  122  131  134  134  
2: 116   93    0   43   95  109  113  112   96   50    0  103  125  134  136  134  
3: 115   93    0   76  103  112  113  109   93   48   18  112  131  136  137  133  
4:  91   93   32   87  106  112  112  101   74   47   75  120  132  137  136  132  
5:  93   90   43   93  108  112  112  100   48    0  103  125  136  138  137  118  
6:  95    0   77   97  112  112  105   91   46   15  115  131  138  138  137  120  
7:  97    0   84  102  110  111   97   86   41   80  123  133  139  139  137   96  
8:  97   37   87  104  110  106   95   41    0  103  131  139  140  140  125  102  
9:   0   42   92  108  110  104   91   37    0  116  134  140  141  131   21  105  
10:  37   15   88  103  109  104   95   34    0  111  133  139  142  133   23  109  
11:  90   15   87  102  109  104   95   74    0  105  132  140  138  113   28  112  
12:  43   50   94  103  108  103   90   27    0  115  136  137  137  134  113  116  
13:  68   17   91  103  105   35   91   45    0  112  137  136  137  136   32  120  
14:  59   55   93  103  105   32   87   18   35  123  139  136  138  136  120  123  
15:   0   59   93  103  104   28   83   15   32  130  131  137  138   56  124  127  
16:   0   61   95  103  104   95   80   11   75  132  128  138  138   56  129  121  
17:   0   74   99  104  104   93   70   10  112  129  134  138  138   41  133   96  
18:   0   75  101  105  104   92   55    0  114  124  133  138  138  131  133   96  
19:   0   77   18  105  104   95   64    0  112  121  131  137  137  133  132   93  
20:  23   81  103  106  105   94   59    0  120  116   50  137  136  140  130   75  
21:  21   76   23  106  105   97   59    0  115  125   48  136  136  139  129   75  
22:  17   78   21  108  106   97   59    0  112  122   46  136  141  138  125   70  
23:  32   88   27  109  106   96   56    0  109  119  132  140  141  136  122    5  
24:   5   84   93  110  108   99   34    0  106  115   40  141  140  136  124   84  
25:  11   87   95  110  109  100   56    0  103  113   40  140  140  136  125   86  
26:  21   84   97  111  110  103   69    0   99  111  139  140  140  136  125   78  
27:   0   91  100  108  111  103   76   27   95  108   37  140  140  136  127   85  
28:  20   93  101  108  111  103   85   23   92  103  136  139  139  134  127   84  
29:   0   65   97  106  109  106   91   20   86  102  134  139  140  137  131  108  
30:   0   92  100  106  108  105   90   16   83   99  136  139  140  137  129  104  
31:   0   73  102  106  108  105   90   12   82   93  134  139  140  136  131   93  
32:   0   68  102  106  108  106   88   10   76  124  136  139  140  137  129  108  
33:   8   81  103  108  108  104   84    0   75  122  134  139  140  136  127   94  
34:   0   69   97  108  108  103   88    0   70  119  133  139  140  137  130  104  
35:   0   75  103  109  108  101   83    0   69  123  134  139  139  136  129   95  
36:   0   78  102  110  108   97   82    0   64  123  134  139  140  136  127   99  
37:   0   66  100  111  108   93   94   60   60  121  133  138  139  137  133  103  
38:   0   81  102  112  108   93   87    0   57  122  134  139  139  136  128   96  
39:   0   70  100  111  112   27   92   52   54  121  133  138  140  136  129  100  
40:   0   73  100  111  112  103   90   50   51  119  134  138  140  137  130  103  
41:  18   77  103  110  112  102   86   46   46  121  134  139  140  136  128   96  
42:  21   75  101  110  111  102   84   43   43  121  134  138  140  136  130  100  
43:   0   70  101  110  111  100   81   41   41  121  134  139  140  137  130  105  
44:   0   78  103  111  111   96   77   37   85  122  136  139  139  136  128   90  
45:  32   75  100  110  111  108   75   73   81  119  134  139  140  136  130  103  
46:  35   75  101  110  111  105   71   70   77  121  134  139  139  136  128   94  
47:   0   80  102  110  111  105   69   66   74  121  134  139  140  136  128   95  
48:  41   75  102  110  111  106   65   64   73  116  133  138  140  137  128  100  
49:  45   70  101  111  111  105   62   41   70  119  134  139  140  136  130  102  
50:   0   73  102  110  111  106   60   18   66  120  134  139  140  136  129  100  
51:  51   75  101  110  111  106   81   57   61  119  133  139  140  136  131  103  
52:  25   80  103  110  111  103   77   11   70  124  134  139  140  136  128  103  
53:  60   73  100  110  111  105   93   51   55  118  134  139  140  137  130  108  
54:  32   75  101  110  111  105   90   46   59  123  134  139  140  137  130  110  
55:  35   80  103  110  111  103   86    2   77  123  134  139  139  136  128   68  
56:   0   55   96  110  111  106   92   42   43  120  133  138  140  137  131   70  
57:  42   59  102  110  111  104   85   37   55  124  134  139  139  136  129   75  
58:  42   62  103  110  111  104   81   35   80  123  134  139  139  134  128   77  
59:  46   65  101  110  111  105   87   30   46  121  134  139  139  136  128   81  
60:   0   64   99  110  111  108   88   28   30  120  134  139  139  137  131   84  
61:  52   70  101  110  111  104   85   25   75  121  133  139  139  136  130   87  
62:   0   69   97  110  111  105   93   23   23  114  133  138  139  137  116   92  
63:   0   60  100  109  111  106   93   64   18  114  132  138  140  138  120   95  
64:   0   62  101  109  111  106   93   60   16  114  133  139  140  139  121   99  
65:  23   64   78  106  110  108   95   57    0  112  133  138  140  140  127  102  
66:  76   66   81  104  109  108   96   65    0  112  131  138  140  132  129  105  
67:  81   70   82  103  109  106   97   75    0  100  131  140  142  134   37  109  
68:  35   71   84  104  108  105   93   62    2  119  136  141  138  134   40  112  
69:  87   15   76   21  106  105   95   69    0  114  133  141  137  136   42  115  
70:  91   75   86   27  105  103   93   54    0  121  140  137  138  134  115  120  
71:  23   42   82   27  105  103   90   54    0  124  139  134  138  136  121  123  
72:  32   52   84   23  105  102   87   37    0  131  137  137  139  137  124  127  
73:   0   84   93   28  105   99   80   28  125  133  131  138  139   52  131  114  
74:  30   81   94  103  103   95   69    0  113  131  134  139  138  131  132  105  
75:  32   88   96  103  105   94   70    0  115  124  132  138  138  133  133  109  
76:   2   90   97  103  105   96   68    0  114  121   51  138  137  134  131  111  
77:  38   93   95  103  105   97   65    0  112  118   51  137  136  140  131   71  
78:  42   95   99  104  105   96   62    0  115  124   54  137  140  138  128   56  
79:  45   85  101  104  104   96   65    0  112  121   54  136  141  138  125   76  
80:  17   84  103  105  103   96   64    0  110  119   52  141  141  137  127   60  
81:  21   90  103  105  104   96   70    0  108  115   51  141  140  136  127   56  
82:  10   82  103  106  105  103   78    2  103  112   51  141  140  137  130   84  
83:  21   86  104  106  103  101   74    0  101  108  139  140  140  134  131   70  
84:  16   84  103  110  106   99   77    0   95  106  138  139  140  136  131   90  
85:  68   66  100  111  108   94   88   32   91  103  137  139  140  137   48   97  
86:   0   78  103  111  108   93   82    0   86  100  137  139  139  139   23   86  
87:  70   73  101  110  112   87   92   35   84  130  134  139  139   70  131  101  
88:  28   77  103  110  112   16   88    2   82   93  136  139  141   65  129   93  
89:   0   77  103  111  112   14   86   16   78  125  134  139  141   66  131   95  
90:  34   81  100  110  111  102   84   10   75  122  136  141  141   65  130  101  
91:  37   57  102  111  111  100   82   23   73  122  134  141  141   66  129  100  
92:  40   59   99  110  111   97   77   27   68  120  138  141  141  139  130  104  
93:  43   64  101  111  111   95   75   17  111  122  138  141  141  136  128  101  
94:  46   90  101  110  111  106   73   70   61  121  133  141  141  137  130  104  
95:  51   70  102  111  111  106   69   68   60  123   47  141  140  137  130  104  
96:  52   70  102  110  111  104   66   65   56  121   45  141  139  136  128  108  
97:   0   70   97  110  111  108   65    5   52  120   41  140  139  137  130  109  
98:   0   71  100  110  111  105   60    2   48  123  139  139  139  137  129  112  
99:   0   64  102  110  111  104   82   59   46  112  138  139  140  137  129  115  
100:   2   77  103  111  111  104   55    0   90   90  136  139  139  136  128   99  
101:   0   70   68  110  111  105   93   51   86  131  134  139  139  136  130  103  
102:   0   74   82  109  111  105   92   47   84  129  134  139  140  137  130  105  
103:   0   75   73  110  111  104   88   45   81  128  134  139  139  137  129  108  
104:   0   71   87  110  111  106   87   42   76  124  134  139  140  137  131  112  
105:  18   82   90  111  111  104   82    0   81  124  134  139  140  136  131   93  
106:   0   84   93  111  111  103   88   35   76  121  133  138  139  136  133   96  
107:   0   84   94  111  111  105   88   32   68  118  134  138  139  138   57  100  
108:   0   85   97  111  111  103   76   30   76  125  136  139  140   61  125   93  
109:   0   90   93  109  112  106   88   27   59  121  134  139  140   64  128  106  
