0: 131  118   28    5   65   85   86   84   64   27    0  104  127  136  137  137  
1: 131  114   25    7   69   85   86   84   64    5    0  108  131  137  138  136  
2: 127  102   27  146   73   84   85   75   46    0   50  116  133  138  139  136  
3: 121   93    0   54   77   84   83   75   43    0   94  124  136  140  139  134  
4: 121   30    7   56   82   83   82   60    2    0  115  131  139  140  140  133  
5: 112   32   30   64   81   82   76   59    0   45  122  136  140  140  139  131  
6:  97   32   48   65   81   80   75   38    0   99  131  140  142  141  139  130  
7:  38   35   56   75   82   77   62   16   27  119  136  141  143  142  138  127  
8:  40   16   66   78   82   66   50    0   35  128  140  142  143  140  136  116  
9:  45   30   69   78   80   65   46    0   92  130  139  143  143  140  133  110  
10:  48   18   62   78   81   73   59    0   59  124    7  142  144  141  136  120  
11:  51   23   59   78   80   71   54    0   56  130  140  143  144  142  134  116  
12:   0   30   60   78   78   70   40    0  102  132  141  143  144  141  134  118  
13:  60  131   64   77   84   68   46    0   88  130  140  143  144  142  134  121  
14:  60   32   68   77   80   65   56    0   94  131  140  143  144  141  136   90  
15:   0   35   66   78   84   64   41    0  104  134  141  144  144  141  132   68  
16:  69   21   64   77   80   74   46    0   95  131  140  143  144  142  137   71  
17:  14   41   70   78   84   60   46    0  110  132  142  144  144  141  137   75  
18:   0   37   66   78   84   70   45    0   93  132  142  143  144  141  139   80  
19:  80    8   61   77   81   68   54    0   84  130   17  143  144  142  140   83  
20:   0   30   62   77   78   66   50    0   96  131  141  144  144  143    0   85  
21:  87   14   56   76   84   65   57    0   75  129  140  144  144  143    2   88  
22:   0   17   60   76   84   73   52    0   80  131  141  144  144   32    0   93  
23:  94    0   56   78   82   71   59    5    0  125  140  144  144  137    7   96  
24:  46    0   57   77   81   70   56    2   73  131  140  144  141  138  125  101  
25:   0    5   61   75   83   68   55    0    0  128  144  143  140  137  128  104  
26: 105    0   47   73   83   76   66   17    0  123  143  139  140   38  131  108  
27:   0    0   56   77   83   74   52    0   57  139  140  139  141  139  133  112  
28:   0   12   65   75   83   61   48    0  105  139  133  140  140  138  112  114  
29:   0   16   65   76   82   69   40    0  106  134  131  140  141  139  115  119  
30:   0    8   56   80   82   70   42    0  101  131  129  140  141   35  119  122  
31:   0   21   69   81   82   66   37    0  115  127  138  141  141   30  124  125  
32:   0   23   69   74   81   65   35    0  124  122   23  140  141   34  127  127  
33:   0   41   68   76   75   64   32    0  121  120   25  140  141   28  132  108  
34:   0   46   76   77   77   75   11    0  118  115  140  140  140  131  136   77  
35:   0   54   75   80   77   54   10    0  115  112  140  140  140  134  134   73  
36:   0   37   70   78   78   60   32    0  112  108   32  140  140  137  138   88  
37:   0   40   69   76   77   64   27    0  108  105   30  139  140  138  133   93  
38:   0   41   69   77   82   57   28    0  104  129   30  139  139  144  136   94  
39:   0   42   70   78   78   56   20    0  101  125   28  139  144  143  134   99  
40:   0   34   74   78   76   66   18    0   97  123  133  140  144   35  133   99  
41:   0   32   66   78   77   65   38    0   93  121  134  144  143  142  137  105  
42:   0   38   71   77   76   64   32    0   90  115   28  144  144  140  133  105  
43:   0   32   69   77   78   61   30    0   87  114  143  144  144  142  136  112  
44:  20   20   56   76   80   71   50    0   83  112  142  144  144  143  139  121  
45:   0   23   60   77   77   70   42    0   80  108  143  144  144  143  134  115  
46:   0   27   60   77   77   68   38    0   76  138  144  144  144  142  138  110  
47:   0   28   61   76   80   66   51    0   71  134  142  144  144  144  140  121  
48:   0   32   66   76   77   65   34    0   70  133  143  144  144  143  136  108  
49:   0   15   69   76   78   64   47    0   66  134  142  143  144  143  138  113  
50:   0   37   66   76   77   60   46    0   91  132  142  144  144  142  134  114  
51:   0   21   69   77   78   70   43    0   85  133  144  144  144  143  139  110  
52:   0   23   59   77   78   70   42    0   55  133  142  144  144  143  140  114  
53:   0   28   60   77   84   68   37    0  113  134  143  144  144  142  140  112  
54:   0   28   62   77   84   69   51    0  112  133  143  144  144  143  138  116  
55:   0   12   64   77   84   66   40    0  108  134  142  144  144  143  140  119  
56:   0   35   65   77   83   64   46    0  111  137  143  144  143  143  136  109  
57:   0   18   56   77   80   71   46    0  101  134  141  144  144  144  139  121  
58:   0   40   70   76   77   57   42    0  112  134  144  144  144  143  137  103  
59:   0   25   60   77   78   69   40    0   93  134  143  144  144  143  140  113  
60:   0   28   62   77   84   68   43    0   96  132  142  144  144  144  138  114  
61:   0   32   64   77   83   65   34    0  110  138  142  143  144   42  136  109  
62:   0   14   64   76   80   65   51    0   88  133  142  144  144  144  138  121  
63:   0   17   66   77   84   74   46    0   96  134  144  144  144  143  140  103  
64:   0   37   69   77   76   64   42    0  110  136  143  144  144  143  140  104  
65:   0   23   56   77   84   70   43    0   88  133  143  144  144  144  140  121  
66:   0   27   71   77   83   68   41    0  100  138  143  144  144  143  136  112  
67:   0   28   69   75   84   66   42    0   93  134  141  144  144  144  140  115  
68:   0   30   62   77   78   71   42    0   93  134  142  144  144  143  138  119  
69:   0   35   65   76   83   62   37    0  110  136  144  144  144  143  138  111  
70:   0   17   57   75   77   70   45    0   83  133  143  144  144  144  141  121  
71:   0   25   56   76   76   60   41    0  103  138  144  144  144  144  141  118  
72:   0   23   57   77   83   69   40    0  105  137  143  144  144  144  140  119  
73:   0   25   60   76   83   68   40    0   96  133  143  144  144  143  138  121  
74:   0   28   61   77   84   66   37    0  111  136  144  144  144  143  136   88  
75:   0   12   64   77   84   65   48    0   88  133  142  144  144  143  141   88  
76:   0   15   65   77   82   61   46    0   86  133   32  144  144  143  141   96  
77:   0   18   66   76   78   60   43    0  105  134  143  144  144  143  140   94  
78:   0   21   56   75   78   70   42    0   96  133  142  144  144  144  140   99  
79:   0   25   57   77   78   68   40    0  112  139  143  144  144  144  141  106  
80:   0   27   60   75   77   68   37    0  108  136  143  144  144  144  141  111  
81:   0   28   62   77   82   65   35    0  104  136  144  144  144  143   10  109  
82:   0   32   64   77   83   65  146    0  103  139  143  144  144  143    0  113  
83:   0   16   52   76   78   71   47    0   84  137  141  144  144  144   17  120  
84:   0   37   66   76   83   60   45    0   94  136  144  144  144  143    2  119  
85:   0   23   69   76   83   64   28    0  110  136  144  144  144  143    0  112  
86:   0   23   59   75   78   68   51    0   85  133   34  142  144  144   10  125  
87:   0   28   60   76   76   66   37    0  103  138  144  144  144  143  133  120  
88:   0   32   62   76   77   65   34    0  112  136   40  144  144  143  138  118  
89:   0   30   65   76   81   64   32    0   94  132   37  144  144  144  140  121  
90:   0   35   65   75   83   61   30    0  113  129  144  144  144  144  139   87  
91:   0   25   66   80   77   60   42    0  111    0  143  144  144  144  139   92  
92:   0   21   57   76   77   70   42    0   95    0   32  144  144  144  141   94  
93:   0   28   59   76   76   68   38    0  105    0  144  144  144  144  139   97  
94:   0   28   60   77   76   68   37    0  114    0  144  144  144  143  138  102  
95:   0   14   64   76   83   65   35    0   96    0  143  144  144  144    8  105  
96:   0   32   65   77   82   62   32    0  109    0  144  144  143  142    1  110  
97:   0   35   65   75   77   61   46    0  104  139  144  144  144  144    1  112  
98:   0   20   55   76   77   70   45    0  100    0  144  144  144  144   14  115  
99:   0   23   68   78   84   56   28    0   96  136  143  144  144  143    0  114  
100:   0   25   60   77   78   75   51    0   93  133  142  144  144  144    8  122  
101:   0   32   61   80   84   66   35    0   92  134  144  144  144  143   10  115  
102:   0   37   64   80   77   65   38    0   87  138  142  144  144  143  129  111  
103:   0   16   51   75   78   70   47    0   83  134   34  144  144  144   17  123  
104:   0   37   65   76   77   60   45    0  116  137  143  144  144  144  138  119  
105:   0   21   56   76   76   70   42    0  112  132  144  144  144  143  140  116  
106:   0   23   59   76   78   69   50    0   74  130   37  144  144  144  140  125  
107:   0   25   59   77   77   68   38    0  109   21   43  144  144  144  138  121  
108:   0   32   62   76   76   65   38    0  109    8   42  144  144  144  140   90  
109:   0   21   64   76   78   65   46    0  100    0   41  144  144  144  136   93  
